287149
277389
307039
303568
304128
319246
351653
362970
382256
402882
431251
447932
481215
470751
523470
515300
564298
598235
622618
687656
683160
729483
738495
769732
847622
843772
901534
933098
974893
1014391
1077263
1119535
1047743
1091763
1088407
1120247
1250265
1172547
1263036
1316395
1336144
1325825
1399209
1404147
1321806
1425870
1440181
1493460
1621530
1550156
1649434
1642873
1667907
1629307
1764682
1761881
1714335
1783817
1743958
1826324
1974095
1862135
2005613
2010135
2016230
1997504
2108513
2107881
2013189
2108874
2079127
2147190
2229079
2225295
2257363
2207153
2231786
2269098
2263047
2333201
2248512
2306871
2291463
2339701
2483373
2323897
2514492
2458720
2520102
2560462
2579773
2617552
2589944
2593614
2577528
2591043
2745513
2628658
2822126
2815029
2867393
2800034
2908784
2918910
2788467
2929326
2862194
2925963
3159115
2997029
3241405
3147693
3209466
3163331
3333840
3301716
3165646
3248080
3141070
3236086
3407849
3317823
3416898
3665587
3864962
3810281
3917914
3906281
3740726
3773176
3706834
3830388
4018012
3845148
4064128
4034488
4098524
4054260
4016143
4209083
4110041
4168406
4161690
4254229
